[Variables]
active_tool = 0
cam_pos_x = 160.0
cam_pos_y = 169.5
cam_pos_z = 5.0
nozzle_expansion_applied_offset = 0
t0_offset_x = 0.0
t0_offset_y = 0.0
t0_offset_z = 0.0
t1_offset_x = 0.0
t1_offset_y = 0.0
t1_offset_z = -0.005416666710845664
t2_offset_x = 0.0
t2_offset_y = 0.0
t2_offset_z = 0.0112499999553143
t3_offset_x = 0.0
t3_offset_y = 0.0
t3_offset_z = -0.002916666712053262
t4_offset_x = 0.0
t4_offset_y = 0.0
t4_offset_z = 5

